6.300355704606411564e+03 1.327201087121475211e+03
6.301484568521055735e+03 1.327201087121475211e+03
6.301936114086914131e+03 1.327201087121475211e+03
6.302889376948169229e+03 1.310696145195776353e+03
6.303892811538964452e+03 1.316197792504342488e+03
6.304620301617291261e+03 1.327201087121475211e+03
6.305372877560387678e+03 1.327201087121475211e+03
6.307605519524906413e+03 1.327201087121475211e+03
6.308383181332772438e+03 1.338204381738607935e+03
6.309010327952019907e+03 1.327201087121475211e+03
6.309762903895116324e+03 1.321699439812909077e+03
6.312070803453944791e+03 1.349207676355740205e+03
6.312697950073192260e+03 1.349207676355740205e+03
6.313274924962899604e+03 1.349207676355740205e+03
6.313826813987836431e+03 1.349207676355740205e+03
6.326570433290935398e+03 1.338204381738607935e+03
6.327398266828341548e+03 1.360210970972872929e+03
6.328201014500978090e+03 1.343706029047174070e+03
6.328903418714534382e+03 1.343706029047174070e+03
6.329630908792861192e+03 1.332702734430041346e+03
6.330057368493949070e+03 1.354709323664306794e+03
6.330784858572275880e+03 1.332702734430041346e+03
6.331412005191522439e+03 1.327201087121475211e+03
6.332039151810768999e+03 1.327201087121475211e+03
6.333268359184493420e+03 1.365712618281439063e+03
6.334146364451438785e+03 1.360210970972872929e+03
6.335475915284242546e+03 1.360210970972872929e+03
6.337407526871523260e+03 1.354709323664306794e+03
6.338185188679389285e+03 1.360210970972872929e+03
6.339715426430351727e+03 1.371214265590005652e+03
6.340668689291607734e+03 1.354709323664306794e+03
6.342249098772110301e+03 1.371214265590005652e+03
6.356748728609099999e+03 1.376715912898571787e+03
6.358028107712363635e+03 1.354709323664306339e+03
6.358805769520230569e+03 1.365712618281439063e+03
6.359733946516716060e+03 1.360210970972872929e+03
6.360411264865502744e+03 1.360210970972872929e+03
6.363296139314038555e+03 1.365712618281439063e+03
6.364299573904833778e+03 1.371214265590005198e+03
6.365403351954708342e+03 1.387719207515704056e+03
6.366130842033035151e+03 1.393220854824270191e+03
6.366632559328430943e+03 1.409725796749969504e+03
6.369818464154205685e+03 1.404224149441402915e+03
6.370621211826842227e+03 1.409725796749969504e+03
6.371599560552867842e+03 1.398722502132836780e+03
6.372628081008432673e+03 1.409725796749969504e+03
6.373832202517386577e+03 1.420729091367101773e+03
6.374459349136634046e+03 1.420729091367101773e+03
6.393362702691372760e+03 1.382008194041711704e+03
6.394335173618214867e+03 1.392461386618313099e+03
6.399157008630475502e+03 1.408141175483215193e+03
6.400534675776836593e+03 1.408141175483215193e+03
6.401709744813437283e+03 1.408141175483215193e+03
6.403290010069556956e+03 1.402914579194914495e+03
6.405072873435435213e+03 1.402914579194914495e+03
6.406085863984229036e+03 1.413367771771515891e+03
6.407260933020830635e+03 1.402914579194914495e+03
6.408354962813528800e+03 1.408141175483215193e+03
6.409894708447695848e+03 1.408141175483215193e+03
6.442148327521306783e+03 1.470860330942822657e+03
6.443404435801811815e+03 1.476086927231123354e+03
6.446605485936001969e+03 1.476086927231123354e+03
6.447415878375037209e+03 1.476086927231123354e+03
6.448104711948217300e+03 1.470860330942822657e+03
6.471606092680245638e+03 1.481313523519423597e+03
6.472051808521714520e+03 1.481313523519423597e+03
6.474280387729062568e+03 1.476086927231123354e+03
6.499362033717209670e+03 1.538806082690730364e+03
6.500780220485521568e+03 1.528352890114128968e+03
6.501793211034315391e+03 1.538806082690730364e+03
6.503778672509952230e+03 1.544032678979031061e+03
6.505561535875830486e+03 1.544032678979031061e+03
6.506493487180721786e+03 1.544032678979031061e+03
6.507263359997805310e+03 1.549259275267331759e+03
6.510261812022235972e+03 1.554485871555632457e+03
6.511679998790548780e+03 1.570165660420534095e+03
6.610408569147012713e+03 1.690303808163333088e+03
6.611194539590484055e+03 1.693175247632600531e+03
6.617744293286085849e+03 1.690303808163333088e+03
6.618530263729557191e+03 1.687432368694066099e+03
6.619447229246941788e+03 1.678818050286263770e+03
6.620713514961424153e+03 1.675946610816996326e+03
6.622241790823731208e+03 1.675946610816996326e+03
6.623377081464302137e+03 1.667332292409194451e+03
6.625298342548345317e+03 1.667332292409194451e+03
6.626608293287465131e+03 1.667332292409194451e+03
6.627350598706299934e+03 1.670203731878461895e+03
6.629184529741068218e+03 1.661589413470660020e+03
6.630538145504825479e+03 1.670203731878461895e+03
6.631891761268583650e+03 1.664460852939927008e+03
6.633332707081615808e+03 1.664460852939927008e+03
6.633944017426538267e+03 1.658717974001392577e+03
6.636039938609130331e+03 1.675946610816996326e+03
6.637262559298976157e+03 1.678818050286263770e+03
6.639445810530843119e+03 1.681689489755531213e+03
6.640974086393150174e+03 1.678818050286263770e+03
6.641454401664161196e+03 1.687432368694066099e+03
6.644030638117764283e+03 1.673075171347729338e+03
6.644816608561235626e+03 1.673075171347729338e+03
6.646344884423542680e+03 1.673075171347729338e+03
6.648877455852508319e+03 1.678818050286263770e+03
6.649707091320618019e+03 1.690303808163333315e+03
6.651497357330748855e+03 1.698918126571135190e+03
6.652676312995957232e+03 1.687432368694065872e+03
6.655863859794482778e+03 1.696046687101867747e+03
6.664378539598764291e+03 1.710403884448204508e+03
6.667828076545113618e+03 1.719018202856006383e+03
6.669923997727706592e+03 1.724761081794541269e+03
6.691581849947826413e+03 1.759218355425749223e+03
6.692149495268112332e+03 1.762089794895016666e+03
6.692673475563759894e+03 1.764961234364283655e+03
6.694289081475341845e+03 1.756346915956481780e+03
6.696559662756483704e+03 1.767832673833551098e+03
6.697563958323142288e+03 1.762089794895016666e+03
6.698699248963713217e+03 1.767832673833551098e+03
6.701144490343403959e+03 1.764961234364283655e+03
6.704637692314390733e+03 1.767832673833551098e+03
6.705685652905687675e+03 1.776446992241352973e+03
6.706209633201335237e+03 1.776446992241352973e+03
6.706908273595532592e+03 1.782189871179887859e+03
6.707563248965092498e+03 1.785061310649155303e+03
6.709571840098410576e+03 1.785061310649155303e+03
6.710838125812892940e+03 1.782189871179887859e+03
6.711711426305640089e+03 1.785061310649155303e+03
6.712279071625926008e+03 1.790804189587689734e+03
6.713021377044759902e+03 1.793675629056957177e+03
6.715553948473726450e+03 1.793675629056957177e+03
6.716732904138933918e+03 1.802289947464759052e+03
6.717693534680955963e+03 1.796547068526224621e+03
6.721099406602668751e+03 1.790804189587689507e+03
6.722191032218602231e+03 1.796547068526224166e+03
6.723195327785260815e+03 1.799418507995491609e+03
6.723937633204095619e+03 1.796547068526224166e+03
6.724854598721480215e+03 1.793675629056956950e+03
6.725465909066402673e+03 1.787932750118422291e+03
6.728784450938840564e+03 1.793675629056956950e+03
6.729483091333037919e+03 1.793675629056956950e+03
6.730880372121432629e+03 1.802289947464759052e+03
6.732932628279387245e+03 1.802289947464759052e+03
6.738216096260505765e+03 1.790804189587689507e+03
6.739089396753252913e+03 1.796547068526224166e+03
6.740224687393822933e+03 1.799418507995491609e+03
6.741185317935844978e+03 1.793675629056956950e+03
6.743979879512634398e+03 1.799418507995491609e+03
6.744634854882194304e+03 1.799418507995491609e+03
6.745289830251755120e+03 1.805161386934026268e+03
6.746250460793776256e+03 1.805161386934026268e+03
6.746992766212611059e+03 1.802289947464759052e+03
6.747691406606808414e+03 1.802289947464759052e+03
6.750835288380696511e+03 1.805161386934026268e+03
6.753193199711113266e+03 1.805161386934026268e+03
6.755245455869067882e+03 1.808032826403293711e+03
6.755944096263265237e+03 1.813775705341828370e+03
6.757035721879198718e+03 1.819518584280363029e+03
6.759131643061791692e+03 1.819518584280363029e+03
6.760790913998010183e+03 1.819518584280363029e+03
6.762144529761767444e+03 1.822390023749630245e+03
6.763367150451614179e+03 1.822390023749630018e+03
6.764109455870448983e+03 1.813775705341827916e+03
6.764808096264646338e+03 1.822390023749630018e+03
6.767122342570424735e+03 1.819518584280362575e+03
6.768737948482006686e+03 1.813775705341827916e+03
6.769611248974753835e+03 1.813775705341827916e+03
6.771576175083433554e+03 1.808032826403293257e+03
6.772798795773279380e+03 1.816647144811095359e+03
6.774152411537036642e+03 1.813775705341827916e+03
6.775899012522530029e+03 1.808032826403293257e+03
6.777994933705123003e+03 1.813775705341827916e+03
6.778955564247144139e+03 1.816647144811095359e+03
6.781662795774659571e+03 1.819518584280362575e+03
6.783365731735515510e+03 1.822390023749630018e+03
6.784326362277536646e+03 1.828132902688164677e+03
6.785025002671734001e+03 1.831004342157431893e+03
6.785985633213756046e+03 1.828132902688164677e+03
6.786815268681864836e+03 1.828132902688164677e+03
6.787688569174611985e+03 1.833875781626699336e+03
6.789173180012281591e+03 1.822390023749630018e+03
6.792360726810807137e+03 1.851104418442303313e+03
6.792928372131093056e+03 1.845361539503768427e+03
6.796814559323815956e+03 1.848232978973035870e+03
6.799041475580320366e+03 1.845361539503768427e+03
6.801879702181747234e+03 1.848232978973035870e+03
6.803451643068691737e+03 1.851104418442303313e+03
6.804193948487526541e+03 1.856847297380837745e+03
6.805110914004910228e+03 1.859718736850105188e+03
6.806901180015041064e+03 1.862590176319372631e+03
6.807818145532425660e+03 1.856847297380837745e+03
6.809608411542556496e+03 1.856847297380837745e+03
6.811573337651237125e+03 1.851104418442303313e+03
6.813276273612093064e+03 1.856847297380837745e+03
6.814236904154114200e+03 1.853975857911570756e+03
6.815372194794685129e+03 1.856847297380837745e+03
6.816027170164245035e+03 1.865461615788640074e+03
6.816900470656992184e+03 1.879818813134976381e+03
6.818166756371475458e+03 1.876947373665709392e+03
6.819040056864221697e+03 1.871204494727174506e+03
